/*--------------------------------*- C++ -*----------------------------------*\
  =========                 |
  \\      /  F ield         | OpenFOAM: The Open Source CFD Toolbox
   \\    /   O peration     | Website:  https://openfoam.org
    \\  /    A nd           | Version:  10
     \\/     M anipulation  |
\*---------------------------------------------------------------------------*/
FoamFile
{
    format      ascii;
    class       labelList;
    note        "nPoints:2300  nCells:2164  nFaces:7642  nInternalFaces:3178";
    location    "constant/polyMesh";
    object      neighbour;
}
// * * * * * * * * * * * * * * * * * * * * * * * * * * * * * * * * * * * * * //


3178
(
58
1601
2007
4
1378
1568
95
228
1705
9
182
297
587
802
34
268
2053
59
2118
2145
65
338
647
51
72
690
723
892
11
887
998
208
1301
69
178
295
23
682
1062
268
364
1547
152
196
1738
28
50
1945
32
67
2121
63
73
124
97
493
1109
70
259
287
68
733
1241
58
147
561
564
1070
95
102
144
73
207
1240
192
279
1610
166
572
1812
245
424
75
262
852
137
215
343
214
610
1156
252
306
45
397
1193
248
1310
96
149
1846
160
212
408
113
534
699
119
539
632
109
231
690
101
367
2095
120
322
728
77
1069
1609
52
149
336
106
521
1722
90
1001
103
566
1989
181
185
1291
150
1337
1861
111
253
976
127
1944
202
1580
592
1868
79
259
417
71
310
2151
132
142
940
93
99
2058
165
175
1521
264
383
128
174
623
353
387
441
180
239
240
357
490
226
358
660
228
1664
91
1682
1912
143
251
216
1081
356
381
377
539
467
1357
92
1758
574
112
660
1010
275
2110
104
1453
1638
692
1666
86
198
1492
305
331
146
335
351
139
172
413
134
189
363
138
180
230
87
179
517
547
644
1927
187
1453
222
328
143
431
1986
110
181
1371
186
717
167
1359
131
2100
249
2046
315
428
949
1438
1180
1788
158
1146
257
285
408
126
629
263
271
1766
471
930
232
656
107
333
118
572
114
564
932
640
880
194
205
126
133
442
406
474
858
1567
112
226
1341
325
1594
243
760
204
916
1057
221
227
332
209
272
307
298
828
133
461
692
1232
230
235
349
288
382
419
183
289
536
317
437
243
702
824
632
329
1451
233
2003
190
199
314
156
509
516
199
1830
2084
2145
148
600
730
394
399
1399
200
223
2001
340
396
344
798
323
325
169
179
441
217
289
1050
291
705
478
368
544
154
299
786
214
1813
1026
1621
229
1300
153
947
1942
380
581
1730
1037
1595
1726
1743
1445
1929
306
1902
1916
219
689
276
359
1054
211
1200
281
985
1578
478
482
162
451
952
436
454
252
291
450
191
418
1178
274
893
725
1841
1114
1730
190
218
362
433
475
209
350
566
188
224
590
500
1594
201
727
1334
241
754
512
868
286
667
1620
178
203
464
911
466
1032
822
402
540
1861
2070
299
483
817
1372
1779
410
577
298
782
197
428
301
366
484
607
1583
1078
2158
206
291
1362
501
795
197
354
649
227
1491
712
209
672
565
312
950
634
680
231
550
281
422
1630
1850
905
1767
940
1347
318
575
978
1363
248
417
1911
896
1082
431
1893
423
750
823
481
420
1831
247
1802
1645
1840
427
473
307
495
266
551
816
261
352
433
486
739
1353
688
949
867
1515
1948
927
1774
1552
349
541
463
778
510
1160
1069
1125
321
360
2034
578
1300
244
626
714
375
1627
2043
515
1154
1476
330
467
798
1357
434
664
345
1480
1937
1796
410
1263
392
588
393
468
589
411
965
2140
442
612
330
767
1032
450
1360
1450
282
903
294
542
1621
280
297
464
261
398
526
482
1273
292
1224
1583
1985
280
422
1084
619
972
2030
1701
1982
612
1311
384
645
1380
1056
2069
513
735
1826
677
347
550
1582
302
1101
1969
1852
1870
689
1492
732
1549
2119
477
794
1211
1284
1527
334
1968
1983
616
819
2009
1408
2067
723
935
729
300
430
944
472
1043
2114
1318
1956
571
1135
331
491
1178
1845
385
514
1828
957
962
312
1326
1495
363
561
535
613
471
1511
1773
326
1478
1268
319
831
432
440
1563
1704
413
420
459
328
372
583
1538
1824
2010
1844
432
443
458
363
440
452
371
452
453
561
1509
411
456
1977
374
648
1154
2047
331
488
716
516
758
697
1562
1910
1992
327
382
567
469
526
1711
1881
443
465
416
771
2076
458
523
525
667
1931
334
1751
2090
526
1252
683
701
1514
636
1056
775
351
361
481
1782
2126
439
476
687
462
625
373
564
1202
387
511
568
518
816
578
2064
1196
1261
413
465
485
778
1589
466
1921
2163
1842
683
1234
721
1327
1790
409
2006
633
1177
737
793
981
464
523
495
516
1797
1901
552
1034
1562
520
821
498
648
1804
446
528
988
458
534
1444
2143
388
726
406
455
502
426
715
916
592
1015
486
527
1090
1306
1623
1830
439
1706
497
1291
2035
461
494
403
651
1198
707
709
1261
869
1930
543
959
761
940
1599
545
1345
595
1881
435
734
1979
475
510
659
457
513
787
407
503
576
621
1041
1238
1451
1295
1037
457
562
579
459
618
1626
1795
646
1235
1595
2009
459
485
661
619
734
770
525
901
553
637
632
704
1222
545
1228
1874
641
820
1407
624
454
568
1626
950
492
673
708
583
647
1514
529
695
796
1402
1541
1625
419
698
438
500
573
604
1563
1485
1612
1618
447
503
585
1196
1636
608
759
519
631
1811
544
1269
1315
1233
1816
867
1155
895
663
1574
1981
560
1999
819
1240
567
808
1121
1606
1597
755
1166
470
1572
2113
888
1375
2080
483
669
557
713
487
498
742
462
504
1186
1733
496
568
1188
540
1521
606
505
700
739
812
742
579
834
1649
541
946
869
1079
1454
1597
1114
1393
646
1207
847
1857
1971
1281
1791
508
655
505
650
718
990
1627
715
874
1740
804
1404
2004
635
734
909
1280
1972
1117
519
641
1000
980
1858
2130
560
1223
662
880
1271
845
1246
799
1068
506
831
1526
1856
799
1254
1560
643
1048
1779
1895
706
533
653
1106
1205
701
1463
519
627
1484
532
556
1158
711
1283
723
914
1320
706
1111
615
1913
1267
643
841
1301
1775
1679
1198
2000
1614
1983
2163
625
885
795
1536
1800
2082
548
719
1862
1348
554
687
1708
1615
1107
1127
555
765
1199
1543
752
1670
1401
1716
582
708
1382
1415
850
756
2161
947
1429
1444
580
584
1646
1985
747
1525
730
1979
756
1439
1705
1717
776
1165
1672
1641
1685
665
738
555
710
797
1628
885
1052
665
1719
1108
1028
1117
673
948
588
763
589
764
1408
789
1257
1547
833
1380
1679
587
1290
1404
641
690
1844
571
593
753
1833
909
1026
1169
883
1748
628
684
845
1038
898
1094
713
852
714
736
1667
1214
623
750
800
1823
946
1530
591
740
769
630
1354
775
931
2090
1420
1294
1425
656
1107
642
658
711
783
1777
651
728
599
944
1020
608
676
772
668
670
745
604
783
850
1964
826
1026
1601
863
1352
1718
818
1058
1428
674
768
1912
1950
1781
2059
741
957
1036
621
880
1174
1157
1847
1557
1571
1678
1768
1249
2077
615
758
1678
1073
1399
1557
761
1270
1931
946
1031
1981
1017
1395
1680
1481
722
1263
1344
657
1516
1873
922
1021
1313
875
904
642
1101
639
704
731
1261
904
938
1310
1625
724
859
671
2096
1052
1201
663
669
817
1110
1257
1889
688
884
681
1819
1873
2048
1508
1737
1585
1438
1858
1811
2105
1027
1039
1030
676
686
719
724
871
1400
1416
1608
938
1431
1438
664
769
703
797
1021
1373
811
1031
1065
688
1534
1030
724
1292
1415
1904
691
813
983
695
910
1736
2081
1234
1573
986
814
1093
740
788
882
694
1257
1746
1312
1728
2133
1011
1281
1340
1181
1446
792
801
1838
2026
1683
792
814
1332
1343
1651
738
748
1783
757
984
1125
717
941
2002
802
1290
785
1094
1240
2009
1038
1272
1053
1203
1584
1697
875
1176
1544
743
746
801
806
1746
1642
2137
1649
1256
1305
1992
1662
1950
806
809
1276
1294
1469
972
1296
762
1068
1349
1633
841
1184
1808
1057
1363
1392
1201
1270
1269
1659
828
1956
1269
1466
1292
1539
891
1159
1309
1574
1256
1499
1015
2151
1565
1888
1925
2017
1278
1633
1942
2157
2036
1053
1397
1649
760
810
807
1173
1242
784
824
784
803
1188
1302
772
776
1010
1140
2003
877
1351
1403
815
1891
1059
1941
891
1030
1167
1300
1238
784
830
2075
849
874
1202
1586
893
1057
1220
1221
809
1004
1073
1385
1640
1814
2128
1305
1682
1327
2081
1716
849
791
796
994
1073
1546
1571
1726
1579
788
832
1455
1039
1037
1537
855
1274
790
847
1888
1573
1827
1388
791
813
1059
1117
1119
2130
1778
839
1241
919
1097
1907
1906
1250
1126
1059
1753
1821
1114
1644
1502
1036
899
917
1808
2149
870
1049
1104
1063
925
1035
1203
1307
1141
917
968
915
1140
835
853
954
1129
1555
1317
1209
1433
1498
2075
846
1511
1270
1330
862
865
1533
1646
1087
1318
1478
1648
1204
1848
854
876
1058
1318
864
1109
1432
899
982
1777
1376
1349
1361
1111
1325
1934
837
1935
865
1291
879
1018
1095
866
872
868
873
1787
1554
860
864
853
861
1977
848
918
1436
1631
852
1772
855
851
1165
1697
929
970
918
978
866
861
872
1654
896
1047
1146
862
873
1023
1100
900
1879
1344
1795
889
1865
1842
951
1033
1023
1152
1750
951
1003
1144
1973
929
942
1505
974
979
889
902
1008
1632
1646
1299
1307
949
1965
1517
906
1072
1086
1506
1775
1248
1460
936
1324
1509
1125
1521
2007
1390
920
1350
1184
1197
960
924
1353
1491
2160
1067
1297
1302
1427
926
927
1277
1536
2097
958
992
926
936
927
937
2038
1087
1543
935
2077
924
936
920
937
1588
2013
942
1901
1720
1022
998
969
996
1483
1013
1513
1186
1224
967
1145
1604
2001
1075
1164
1699
971
979
1304
2012
1135
1299
1451
1062
1105
950
965
1495
1280
1933
2097
1905
1797
1900
945
1320
1601
1001
1262
956
991
1002
1081
1777
2011
2013
981
962
1441
1428
1361
1423
1000
1001
1065
969
1005
964
975
991
1561
1687
1336
1293
1443
1348
1782
975
1520
975
993
1047
1186
976
989
1341
966
1919
966
1081
1046
1630
1120
1611
1147
998
999
1006
1009
1220
1006
1369
1579
1009
1014
1309
1018
1042
1126
1016
1433
1197
1282
993
995
1029
1083
995
1005
1485
1590
1161
1283
1006
1012
1072
1029
1049
992
1739
1460
1708
1066
1012
1066
1014
1018
1077
1014
1076
1020
1233
1704
1506
1556
1193
1116
1565
1016
1046
1049
1060
1007
1096
1131
1109
1200
1092
1369
1319
1459
1634
1366
2041
1868
1392
1651
2113
1391
1482
1563
1466
1116
1387
1190
1338
1489
1151
1789
1820
1191
1216
1054
1839
1128
1671
1079
1046
1060
1272
1456
1089
1103
1720
1943
1951
1090
1118
1139
1439
1548
1083
1130
1820
2094
1570
1682
2067
1074
1115
1209
1077
1423
2054
1401
1585
1663
1697
1792
1961
1103
1136
1242
1978
1436
1145
1191
1333
1951
1134
1185
1378
1091
1137
1226
1413
1067
1116
1622
1698
1090
1132
1089
1105
1225
1092
1136
1227
1134
2026
1092
1150
1096
1221
2063
1823
1115
1199
1219
1324
1326
1098
1588
2056
1132
1172
1838
1150
1253
1693
1468
1472
1134
1168
1189
1217
1388
1595
1130
1247
1236
1231
1420
1110
1179
1132
1139
1612
1446
1725
1833
1444
1477
1255
1128
1287
1796
1153
1218
1160
1402
1723
1115
1383
1220
1947
1221
1946
1259
2032
1815
2017
1202
1395
1670
1172
1192
1576
1275
1276
1335
1192
1609
1665
1179
1282
1339
1130
1231
1529
1147
1194
1163
1226
1445
1773
1142
1138
1143
1268
1445
1533
1505
1145
1185
1143
1229
1266
1192
1213
1236
1150
1350
1938
1353
1940
1600
1712
1153
1285
1175
1965
1170
1352
1871
1933
1752
1813
1216
1258
1297
1208
1441
1890
1213
1230
1403
1314
2074
1405
2052
1505
1352
1564
1667
1768
1171
1524
1848
2096
1606
1692
1175
1243
1975
1377
2052
1800
1914
1303
1230
1258
1469
1837
2091
1199
1494
1868
1233
2060
1496
1584
1744
1452
1512
2000
1984
1993
1368
1812
1854
1786
1266
1377
1314
2027
1358
1454
1253
1440
1368
1745
1806
1829
1596
1723
1699
1586
2019
2011
2109
1653
1831
1284
1346
1619
1456
1467
1339
1394
1229
1215
1244
1278
1429
1334
1411
1497
1963
1340
1465
1364
1582
1239
1475
1529
1308
1333
1227
1660
1911
1985
1538
1999
1517
1255
1684
1243
1255
1508
1603
1268
1553
1404
1647
1666
2016
1663
1981
1440
1690
1791
2039
2101
1379
1488
1654
1266
1285
1522
1542
1278
1296
1691
1560
1656
1287
1433
1279
1677
1761
2107
1330
1575
1345
1717
1826
1491
2034
1293
1525
1694
1869
1501
1306
1651
1286
1580
1628
1374
1413
1466
1356
1555
1794
1747
1780
1394
1430
1481
2079
1545
1648
1788
1798
1857
1283
1784
1507
1647
1711
1784
1990
1536
1734
1490
1735
1314
1296
1313
1428
1328
1906
1329
1907
1808
2062
2051
2125
1644
1814
1559
1335
1346
1500
1356
1390
1635
1308
1384
1498
1579
1593
1395
2071
1358
1550
2105
1967
2046
1453
1492
1381
1817
1896
1717
1819
2054
1504
1831
1637
1791
2007
1374
1411
1616
1540
1581
1598
1472
1535
1699
1340
1470
1520
2153
1947
1946
1994
1487
1610
2022
1455
2032
1382
2060
1990
1441
1462
1487
2104
1434
1843
1835
1634
1411
1816
1910
1376
2144
1626
1679
1414
1825
1952
1664
1863
1895
1689
1991
1551
1639
1391
1489
2095
1976
1379
1393
2067
1740
1803
1756
1733
2106
1390
1386
1518
1460
1473
1677
1537
1410
1448
1748
1634
1442
1607
1855
1372
1556
1561
1381
1430
1866
1708
1839
1798
1461
1502
1457
1465
1658
1386
1431
1486
1457
1524
1913
2156
1589
1611
1922
1507
1558
1566
1883
1630
1408
2014
1578
1590
1462
1473
1702
1960
2104
1614
2073
1501
1709
2037
1553
1666
1963
1932
2139
1482
1602
1476
1591
1558
1578
1749
1527
2080
1518
1765
1885
1421
1934
1422
1935
1576
1709
1838
1502
1940
1938
1613
1535
1590
1534
1643
1468
1602
1552
1849
2099
1503
1785
1526
1879
1513
1448
1540
1672
1566
1587
2098
1856
1755
1912
1739
1770
1704
1540
1587
1532
1493
1504
1653
1642
1916
1459
1510
1564
1632
1836
1731
1546
1640
1675
1470
1524
1661
1878
1575
1605
1851
1886
1734
1531
1958
1876
1703
1486
1701
1714
1944
1669
1801
1581
1587
1761
1500
1619
1555
2095
1695
1860
1880
1662
1915
1650
2050
1652
2135
1870
1945
2056
1512
1853
1501
1689
1771
1721
2020
1496
1936
1549
1926
1919
1531
1539
1866
1672
1551
2116
1507
1758
1832
2069
1567
1805
2001
1541
1637
2129
1828
1715
2126
1893
2124
1641
1956
1810
1522
1620
1773
1884
1919
2062
1898
1920
1909
1903
1839
1902
1917
2004
1671
1762
1809
1598
2082
2018
1921
1955
1738
2134
1764
1793
1633
1887
1660
1700
1818
1847
1871
1650
1968
2066
1559
1739
1569
1615
1750
1925
2078
2012
1905
1996
1949
2012
2160
1795
1922
1742
1787
1993
2092
1629
1789
1593
1610
1680
2045
1763
1964
1624
1973
1607
1662
1877
1658
2086
1691
2091
1958
1958
1845
2112
1951
1722
2082
1613
1636
1874
1853
1744
1721
1908
1643
2042
1768
1825
1629
1645
2072
1636
1639
1850
1993
1818
1875
1786
1950
1804
1963
1680
1975
1829
2047
1664
1681
1749
1715
1790
2041
1665
1698
2049
1894
2038
1877
1915
1924
2131
1894
1904
1824
1801
1691
1960
1760
1923
2018
1867
1896
2076
1728
1748
1822
1806
1841
2159
1939
2128
2070
1750
1846
2008
1797
1799
1744
1802
1780
1882
1760
1767
1747
1807
1758
1718
1817
1684
1731
1988
1964
1975
1769
1851
1927
1776
2112
1706
1749
1745
1854
1778
1807
1745
1860
1882
1878
2075
1762
1910
1700
1982
1693
1962
2024
1898
1948
1799
1864
1902
1957
1731
2073
2094
1718
1892
1796
1727
1855
1827
1872
1880
1953
2003
1766
2031
1861
2070
2005
2044
1849
2087
1917
1953
2026
1886
1948
1900
1840
2094
1920
1957
1729
1751
1974
2039
1735
1862
2092
1815
1965
1793
1835
1980
2014
1969
2027
1759
1755
1930
2089
1763
1959
1755
1927
1962
1859
1737
2154
1771
1843
2114
1995
2033
1854
1954
1761
1899
1834
1872
2140
2108
2028
1809
1936
2068
2162
1924
1970
2130
1829
1937
1954
1962
2028
2090
2097
1992
2031
1887
2062
1811
2047
1966
1989
1825
2064
1903
1996
1997
1971
2110
1790
1995
1787
1876
2013
1889
1864
1928
1999
2044
2098
1913
2133
1890
1828
2023
1867
1926
1822
1810
1845
2000
1891
2071
1901
2042
1961
1977
1859
1897
2053
1822
2132
2089
1987
1836
2091
2015
1978
1970
2060
1892
2055
2078
2132
1855
1877
2128
1837
2078
1959
2150
2014
2100
2148
1959
2028
2020
1847
2134
2073
2024
1909
1974
1949
1872
1918
1896
2092
2048
1944
1945
1869
2051
2144
1924
2138
2117
2149
1915
1937
2135
1898
2083
2002
1892
2040
1932
1943
2123
2054
1894
2146
2057
1890
1996
1998
2023
2093
1918
1997
2129
2146
2053
2105
2124
2002
2045
2058
2087
2123
2135
2066
2119
1905
2077
2023
2051
1994
2030
2029
1984
2017
1930
2140
2021
2101
2147
2147
2050
2136
2079
2045
1933
1943
1984
1972
1967
2118
1941
2074
1994
1966
2036
2035
2025
2035
2006
2125
2036
2103
2022
2029
2030
1989
2064
2068
2127
2015
2056
2112
2010
2116
2043
2055
2108
2065
2148
2122
2143
2033
2037
2153
2061
2162
2025
2038
2131
2150
2016
2008
2083
2121
2058
2115
1991
2052
2080
2037
2041
2096
2084
2137
2049
2059
2125
2059
2155
2141
2057
2024
2031
2032
2043
2085
2122
2042
2086
2158
2069
2088
2063
2066
2160
2076
2104
2116
2134
2115
2111
2154
2109
2102
2072
2120
2151
2157
2098
2126
2106
2085
2109
2088
2155
2153
2136
2117
2087
2107
2103
2156
2118
2142
2110
2143
2150
2161
2139
2146
2148
2152
2161
2115
2123
2124
2144
2132
2142
2120
2138
2141
2131
2137
2159
2139
2156
2141
2152
2145
2159
2154
2162
2163
2158
)


// ************************************************************************* //
