/*--------------------------------*- C++ -*----------------------------------*\
  =========                 |
  \\      /  F ield         | OpenFOAM: The Open Source CFD Toolbox
   \\    /   O peration     | Website:  https://openfoam.org
    \\  /    A nd           | Version:  10
     \\/     M anipulation  |
\*---------------------------------------------------------------------------*/
FoamFile
{
    format      ascii;
    class       vectorField;
    location    "constant/polyMesh";
    object      points;
}
// * * * * * * * * * * * * * * * * * * * * * * * * * * * * * * * * * * * * * //


2300
(
(0 0 0)
(15 0 0)
(15 10 0)
(0 10 0)
(2 5 0)
(3 5 0)
(2.5 6 0)
(2.5 4 0)
(15 10 1)
(0 10 1)
(0 0 1)
(15 0 1)
(2.5 6 1)
(3 5 1)
(2.5 4 1)
(2 5 1)
(0.6 0 0)
(1.2 0 0)
(1.8 0 0)
(2.4 0 0)
(3 0 0)
(3.6 0 0)
(4.2 0 0)
(4.8 0 0)
(5.4 0 0)
(6 0 0)
(6.6 0 0)
(7.2 0 0)
(7.8 0 0)
(8.4 0 0)
(9 0 0)
(9.6 0 0)
(10.2 0 0)
(10.8 0 0)
(11.4 0 0)
(12 0 0)
(12.6 0 0)
(13.2 0 0)
(13.8 0 0)
(14.4 0 0)
(15 0.588235 0)
(15 1.17647 0)
(15 1.76471 0)
(15 2.35294 0)
(15 2.94118 0)
(15 3.52941 0)
(15 4.11765 0)
(15 4.70588 0)
(15 5.29412 0)
(15 5.88235 0)
(15 6.47059 0)
(15 7.05882 0)
(15 7.64706 0)
(15 8.23529 0)
(15 8.82353 0)
(15 9.41176 0)
(14.4 10 0)
(13.8 10 0)
(13.2 10 0)
(12.6 10 0)
(12 10 0)
(11.4 10 0)
(10.8 10 0)
(10.2 10 0)
(9.6 10 0)
(9 10 0)
(8.4 10 0)
(7.8 10 0)
(7.2 10 0)
(6.6 10 0)
(6 10 0)
(5.4 10 0)
(4.8 10 0)
(4.2 10 0)
(3.6 10 0)
(3 10 0)
(2.4 10 0)
(1.8 10 0)
(1.2 10 0)
(0.6 10 0)
(0 9.41176 0)
(0 8.82353 0)
(0 8.23529 0)
(0 7.64706 0)
(0 7.05882 0)
(0 6.47059 0)
(0 5.88235 0)
(0 5.29412 0)
(0 4.70588 0)
(0 4.11765 0)
(0 3.52941 0)
(0 2.94118 0)
(0 2.35294 0)
(0 1.76471 0)
(0 1.17647 0)
(0 0.588235 0)
(2.59114 4.01675 0)
(2.67254 4.06143 0)
(2.74125 4.12411 0)
(2.79838 4.19759 0)
(2.8458 4.27772 0)
(2.88508 4.36216 0)
(2.91742 4.4495 0)
(2.94367 4.53887 0)
(2.96445 4.62966 0)
(2.98021 4.72147 0)
(2.99127 4.81396 0)
(2.99783 4.90688 0)
(2.59114 5.98325 0)
(2.67254 5.93857 0)
(2.74125 5.87589 0)
(2.79838 5.80241 0)
(2.8458 5.72228 0)
(2.88508 5.63784 0)
(2.91742 5.5505 0)
(2.94367 5.46113 0)
(2.96445 5.37034 0)
(2.98021 5.27853 0)
(2.99127 5.18604 0)
(2.99783 5.09312 0)
(2.40886 5.98325 0)
(2.32746 5.93857 0)
(2.25875 5.87589 0)
(2.20162 5.80241 0)
(2.1542 5.72228 0)
(2.11492 5.63784 0)
(2.08258 5.5505 0)
(2.05633 5.46113 0)
(2.03555 5.37034 0)
(2.01979 5.27853 0)
(2.00873 5.18604 0)
(2.00217 5.09312 0)
(2.40886 4.01675 0)
(2.32746 4.06143 0)
(2.25875 4.12411 0)
(2.20162 4.19759 0)
(2.1542 4.27772 0)
(2.11492 4.36216 0)
(2.08258 4.4495 0)
(2.05633 4.53887 0)
(2.03555 4.62966 0)
(2.01979 4.72147 0)
(2.00873 4.81396 0)
(2.00217 4.90688 0)
(14.4 10 1)
(13.8 10 1)
(13.2 10 1)
(12.6 10 1)
(12 10 1)
(11.4 10 1)
(10.8 10 1)
(10.2 10 1)
(9.6 10 1)
(9 10 1)
(8.4 10 1)
(7.8 10 1)
(7.2 10 1)
(6.6 10 1)
(6 10 1)
(5.4 10 1)
(4.8 10 1)
(4.2 10 1)
(3.6 10 1)
(3 10 1)
(2.4 10 1)
(1.8 10 1)
(1.2 10 1)
(0.6 10 1)
(0 9.41176 1)
(0 8.82353 1)
(0 8.23529 1)
(0 7.64706 1)
(0 7.05882 1)
(0 6.47059 1)
(0 5.88235 1)
(0 5.29412 1)
(0 4.70588 1)
(0 4.11765 1)
(0 3.52941 1)
(0 2.94118 1)
(0 2.35294 1)
(0 1.76471 1)
(0 1.17647 1)
(0 0.588235 1)
(0.6 0 1)
(1.2 0 1)
(1.8 0 1)
(2.4 0 1)
(3 0 1)
(3.6 0 1)
(4.2 0 1)
(4.8 0 1)
(5.4 0 1)
(6 0 1)
(6.6 0 1)
(7.2 0 1)
(7.8 0 1)
(8.4 0 1)
(9 0 1)
(9.6 0 1)
(10.2 0 1)
(10.8 0 1)
(11.4 0 1)
(12 0 1)
(12.6 0 1)
(13.2 0 1)
(13.8 0 1)
(14.4 0 1)
(15 0.588235 1)
(15 1.17647 1)
(15 1.76471 1)
(15 2.35294 1)
(15 2.94118 1)
(15 3.52941 1)
(15 4.11765 1)
(15 4.70588 1)
(15 5.29412 1)
(15 5.88235 1)
(15 6.47059 1)
(15 7.05882 1)
(15 7.64706 1)
(15 8.23529 1)
(15 8.82353 1)
(15 9.41176 1)
(2.59114 5.98325 1)
(2.67254 5.93857 1)
(2.74125 5.87589 1)
(2.79838 5.80241 1)
(2.8458 5.72228 1)
(2.88508 5.63784 1)
(2.91742 5.5505 1)
(2.94367 5.46113 1)
(2.96445 5.37034 1)
(2.98021 5.27853 1)
(2.99127 5.18604 1)
(2.99783 5.09312 1)
(2.99783 4.90688 1)
(2.99127 4.81396 1)
(2.98021 4.72147 1)
(2.96445 4.62966 1)
(2.94367 4.53887 1)
(2.91742 4.4495 1)
(2.88508 4.36216 1)
(2.8458 4.27772 1)
(2.79838 4.19759 1)
(2.74125 4.12411 1)
(2.67254 4.06143 1)
(2.59114 4.01675 1)
(2.40886 4.01675 1)
(2.32746 4.06143 1)
(2.25875 4.12411 1)
(2.20162 4.19759 1)
(2.1542 4.27772 1)
(2.11492 4.36216 1)
(2.08258 4.4495 1)
(2.05633 4.53887 1)
(2.03555 4.62966 1)
(2.01979 4.72147 1)
(2.00873 4.81396 1)
(2.00217 4.90688 1)
(2.00217 5.09312 1)
(2.00873 5.18604 1)
(2.01979 5.27853 1)
(2.03555 5.37034 1)
(2.05633 5.46113 1)
(2.08258 5.5505 1)
(2.11492 5.63784 1)
(2.1542 5.72228 1)
(2.20162 5.80241 1)
(2.25875 5.87589 1)
(2.32746 5.93857 1)
(2.40886 5.98325 1)
(3.07956 5.04844 0)
(3.03231 5.43384 0)
(3.03417 4.56625 0)
(2.89148 4.1966 0)
(2.89251 5.79972 0)
(7.5395 0.498354 0)
(7.47368 9.47975 0)
(14.5253 5.01418 0)
(2.67784 3.97272 0)
(2.66742 6.03125 0)
(9.88348 9.44613 0)
(9.87518 0.543753 0)
(5.69715 0.480414 0)
(5.72035 9.5305 0)
(2.32951 3.96867 0)
(2.33534 6.03575 0)
(2.16193 5.88939 0)
(2.16296 4.10375 0)
(11.7017 9.48034 0)
(11.7066 0.528248 0)
(3.83512 0.428185 0)
(3.89593 9.48111 0)
(14.5052 6.76194 0)
(14.4815 3.25469 0)
(2.07091 0.465172 0)
(2.1 9.48038 0)
(2.01899 5.62288 0)
(1.94411 5.3381 0)
(1.90796 5.05529 0)
(1.91968 4.75292 0)
(1.97776 4.46734 0)
(0.524 2.63221 0)
(0.478454 7.32157 0)
(2.0558 4.28287 0)
(2.97899 4.37782 0)
(2.97962 5.62365 0)
(3.06334 4.75883 0)
(3.04982 5.23793 0)
(8.67861 9.49392 0)
(12.9 9.52588 0)
(12.9 0.519615 0)
(8.68891 0.515142 0)
(14.5244 7.94118 0)
(14.5154 2.04365 0)
(0.483698 6.13232 0)
(0.49429 3.80694 0)
(0.46641 4.94156 0)
(0.59466 8.53705 0)
(0.497468 1.48046 0)
(14.0971 0.498581 0)
(14.1061 9.50201 0)
(0.949704 0.557179 0)
(0.92048 9.48878 0)
(0.498246 5.67738 0)
(0.885567 5.91741 0)
(0.905593 6.31748 0)
(1.24131 6.08987 0)
(1.25075 6.4423 0)
(1.2096 5.75341 0)
(1.51976 6.2764 0)
(1.54253 6.55484 0)
(1.76428 6.39393 0)
(1.79135 6.66395 0)
(1.56726 6.83292 0)
(1.83107 6.93417 0)
(2.05905 6.72771 0)
(2.08976 7.02325 0)
(2.29604 6.85956 0)
(2.33648 7.121 0)
(2.53651 6.95711 0)
(2.58364 7.21655 0)
(2.80816 7.00875 0)
(2.83895 7.31238 0)
(3.06211 7.13261 0)
(3.09589 7.41202 0)
(3.30978 7.21529 0)
(3.27333 6.96071 0)
(3.52242 7.04263 0)
(3.47187 6.79614 0)
(3.71457 6.87606 0)
(3.66771 6.62868 0)
(3.9107 6.70729 0)
(3.86687 6.45366 0)
(4.115 6.54116 0)
(4.06735 6.27688 0)
(4.31793 6.36751 0)
(4.27001 6.10054 0)
(4.52576 6.18096 0)
(4.48297 5.90561 0)
(4.75817 5.99264 0)
(4.70524 5.7003 0)
(4.99975 5.80129 0)
(4.93661 5.48742 0)
(5.25429 5.59046 0)
(5.18455 5.25966 0)
(5.51866 5.37006 0)
(5.45107 5.02258 0)
(5.79496 5.13224 0)
(5.7226 4.77776 0)
(6.08246 4.89154 0)
(5.35494 4.67751 0)
(6.15292 5.33227 0)
(6.45306 5.01792 0)
(6.54403 5.4222 0)
(6.85064 5.13831 0)
(5.05062 6.1071 0)
(5.99535 4.54091 0)
(6.93082 5.56722 0)
(7.26449 5.28405 0)
(7.17495 4.842 0)
(7.60446 4.98969 0)
(7.69066 5.43487 0)
(8.04279 5.13776 0)
(8.13278 5.59335 0)
(8.49224 5.2905 0)
(8.39811 4.82283 0)
(8.85894 4.97458 0)
(8.95183 5.45666 0)
(9.32921 5.13413 0)
(4.36753 6.63564 0)
(3.78919 7.10933 0)
(9.42242 5.62847 0)
(9.80753 5.29749 0)
(9.71057 4.79712 0)
(10.2 4.96187 0)
(10.29 5.47898 0)
(4.63224 5.40105 0)
(10.0958 4.4447 0)
(10.6014 4.61606 0)
(10.4982 4.092 0)
(9.97629 3.92049 0)
(11.0094 4.26351 0)
(2.1312 7.30053 0)
(10.3916 3.56347 0)
(9.86355 3.39041 0)
(4.01314 6.02645 0)
(6.61817 5.84045 0)
(2.87233 7.60494 0)
(3.15457 7.71545 0)
(3.59348 6.37135 0)
(10.2859 3.02542 0)
(9.75899 2.85425 0)
(3.24528 6.70577 0)
(9.34684 3.2214 0)
(7.00812 6.0005 0)
(6.65519 6.27973 0)
(7.07722 6.44466 0)
(6.71579 6.73514 0)
(7.15528 6.90494 0)
(6.78241 7.19457 0)
(7.23854 7.35562 0)
(7.61564 7.06718 0)
(6.34836 7.02755 0)
(11.1111 4.7976 0)
(11.5256 4.43921 0)
(11.6277 4.98256 0)
(12.0471 4.62096 0)
(11.9423 4.07468 0)
(12.1495 5.16666 0)
(11.7276 5.52853 0)
(12.2535 5.71498 0)
(11.8255 6.08034 0)
(12.3578 6.26668 0)
(11.9253 6.63638 0)
(9.23784 2.68639 0)
(8.83322 3.05029 0)
(8.72242 2.52657 0)
(8.32693 2.87764 0)
(1.60322 7.13022 0)
(6.41268 7.48445 0)
(5.98908 7.31732 0)
(2.89298 7.93183 0)
(12.4633 6.82586 0)
(7.70886 7.54179 0)
(8.07321 7.23948 0)
(12.4697 4.25722 0)
(12.3689 3.71294 0)
(12.0294 7.19524 0)
(11.4908 7.00523 0)
(7.51315 4.54585 0)
(12.5697 7.38836 0)
(3.22934 8.05534 0)
(8.21596 2.36516 0)
(7.8288 2.71153 0)
(2.5053 6.70264 0)
(10.1742 2.48214 0)
(10.7072 2.65832 0)
(6.04693 7.76586 0)
(5.63218 7.60405 0)
(6.49288 8.02054 0)
(7.7172 2.20065 0)
(7.33732 2.54581 0)
(7.2286 2.05363 0)
(6.85493 2.39409 0)
(6.97197 2.85247 0)
(6.50346 2.69093 0)
(6.38598 2.2478 0)
(6.05077 2.53753 0)
(5.94357 2.10882 0)
(5.61375 2.42545 0)
(5.75625 2.8681 0)
(5.31323 2.71326 0)
(5.21786 2.31308 0)
(4.93053 2.59853 0)
(5.01358 2.96503 0)
(4.6595 2.86288 0)
(4.74194 3.20996 0)
(4.41804 3.10727 0)
(4.3383 2.7823 0)
(4.10728 3.0126 0)
(4.18723 3.30348 0)
(4.02782 2.70764 0)
(3.80937 2.96659 0)
(3.72822 2.63109 0)
(3.51144 2.84421 0)
(3.43223 2.53579 0)
(3.21335 2.75694 0)
(3.55078 3.10857 0)
(3.13487 2.45922 0)
(2.92108 2.67778 0)
(2.83535 2.37694 0)
(2.60961 2.60337 0)
(2.51854 2.28174 0)
(4.83064 2.21167 0)
(3.01335 2.94268 0)
(2.76275 2.03891 0)
(3.64902 2.27726 0)
(2.27704 2.52526 0)
(2.38314 2.83204 0)
(2.19434 2.19681 0)
(5.08057 3.31937 0)
(4.8158 3.55263 0)
(2.05404 2.76477 0)
(2.17983 3.08932 0)
(1.84949 3.00585 0)
(1.93592 3.28881 0)
(1.73302 2.70181 0)
(1.64151 3.22556 0)
(1.75829 3.53217 0)
(8.18688 7.7264 0)
(8.53903 7.43017 0)
(11.5937 7.56486 0)
(11.0568 7.37278 0)
(12.7829 5.90424 0)
(10.5926 2.11194 0)
(11.1347 2.28441 0)
(2.94898 8.2952 0)
(2.58998 8.14941 0)
(2.18905 3.36662 0)
(6.59088 3.13931 0)
(5.11617 1.91946 0)
(4.70902 1.80106 0)
(11.1544 7.92757 0)
(10.6254 7.73595 0)
(10.5481 7.13221 0)
(6.2854 1.78026 0)
(9.13776 2.16149 0)
(8.67567 7.91903 0)
(5.13799 3.65843 0)
(4.87949 3.87969 0)
(7.07918 4.39764 0)
(5.6196 5.69362 0)
(12.8946 3.89903 0)
(12.8292 3.36991 0)
(5.69162 8.03556 0)
(5.281 7.88019 0)
(5.16634 7.44032 0)
(4.86682 7.74525 0)
(4.93983 8.14319 0)
(4.55395 7.97531 0)
(7.41445 4.11397 0)
(13.0025 4.44696 0)
(9.03667 5.95438 0)
(5.92603 6.87289 0)
(3.51139 7.79398 0)
(3.5701 8.18494 0)
(1.75121 6.15767 0)
(8.76159 4.49528 0)
(9.1094 7.51023 0)
(9.51649 6.13221 0)
(4.5957 8.40098 0)
(9.18496 8.11928 0)
(1.94327 6.25691 0)
(7.80792 8.11213 0)
(8.14662 1.86554 0)
(1.43112 3.44145 0)
(1.53058 3.7265 0)
(11.6747 8.10707 0)
(13.0068 7.01482 0)
(13.0936 7.58719 0)
(11.8581 3.54007 0)
(4.57348 3.78005 0)
(4.63043 4.0824 0)
(4.345 3.99062 0)
(4.4024 4.26686 0)
(4.14277 4.18371 0)
(4.19818 4.43539 0)
(3.96305 4.35711 0)
(4.00903 4.58477 0)
(3.90908 4.12633 0)
(3.80292 4.51323 0)
(3.84092 4.7199 0)
(3.65807 4.66014 0)
(3.6934 4.84717 0)
(3.5888 4.47072 0)
(3.87327 4.9173 0)
(3.72271 5.03939 0)
(3.90576 5.11202 0)
(3.74975 5.23077 0)
(4.0648 4.98576 0)
(3.92604 5.31656 0)
(4.4417 4.53561 0)
(3.57879 5.16096 0)
(3.6013 5.34074 0)
(3.5289 4.78332 0)
(3.44371 5.27256 0)
(3.46323 5.44189 0)
(3.64297 5.54432 0)
(3.47492 5.61844 0)
(3.42016 5.10936 0)
(10.7133 8.27337 0)
(5.01697 1.4936 0)
(4.49454 7.60571 0)
(13.4318 4.08442 0)
(1.81423 3.83368 0)
(1.61097 3.98347 0)
(1.34025 3.93771 0)
(1.47606 4.21093 0)
(1.14241 4.17213 0)
(1.28229 4.42995 0)
(8.42563 3.39128 0)
(10.9359 1.7246 0)
(11.5016 1.78493 0)
(3.31798 5.55408 0)
(3.34506 5.71838 0)
(3.47985 5.78602 0)
(3.34591 5.87259 0)
(2.64953 8.52953 0)
(2.27905 8.36224 0)
(3.02835 8.69585 0)
(1.32296 3.12843 0)
(7.97249 6.75261 0)
(5.01022 8.58289 0)
(1.54629 4.47739 0)
(1.39669 4.6765 0)
(3.20945 5.80049 0)
(3.20946 5.95677 0)
(3.33948 6.02965 0)
(3.19912 6.10643 0)
(3.07037 6.02456 0)
(3.04021 6.16604 0)
(3.22508 6.27183 0)
(3.04439 6.34183 0)
(2.90385 6.25482 0)
(2.88967 6.41702 0)
(2.75439 6.32488 0)
(4.58672 1.38265 0)
(4.25413 1.76104 0)
(1.31104 7.00309 0)
(1.27761 7.40962 0)
(11.3 5.89176 0)
(0.972917 4.40137 0)
(9.1206 6.46471 0)
(10.0148 1.9921 0)
(12.6715 7.95977 0)
(13.1974 8.16086 0)
(6.2188 6.08935 0)
(4.93676 0.994157 0)
(5.20192 3.99458 0)
(5.47896 3.76597 0)
(4.63985 8.8613 0)
(4.24683 2.47464 0)
(9.61078 6.64785 0)
(10.0008 6.30709 0)
(4.23064 8.65723 0)
(7.86311 4.23848 0)
(11.6718 2.44211 0)
(12.1037 2.0664 0)
(7.42488 6.15908 0)
(2.23345 7.98959 0)
(1.89552 8.21466 0)
(1.84831 4.06416 0)
(2.01091 3.86332 0)
(12.0164 1.45438 0)
(12.5433 1.72616 0)
(12.6645 2.2704 0)
(13.0924 1.93218 0)
(13.2165 2.46722 0)
(6.98306 3.94803 0)
(7.32622 3.61286 0)
(4.19348 7.80782 0)
(1.85163 7.80273 0)
(1.48854 8.05175 0)
(1.54273 8.48899 0)
(1.95397 6.03267 0)
(1.76674 5.95068 0)
(3.27919 5.21949 0)
(10.1202 7.48295 0)
(2.10298 6.1454 0)
(2.12041 6.30745 0)
(13.5336 4.62905 0)
(5.84914 1.68155 0)
(6.18427 1.32971 0)
(6.65823 1.44925 0)
(8.68727 8.48411 0)
(13.5197 7.29023 0)
(13.4635 6.72692 0)
(1.9208 5.85866 0)
(1.78142 5.76313 0)
(1.0846 3.37126 0)
(13.966 4.24869 0)
(1.65137 4.70394 0)
(1.50288 4.88386 0)
(1.26051 4.87711 0)
(1.37636 5.09576 0)
(1.63225 5.08829 0)
(1.50795 5.29853 0)
(1.26486 5.31215 0)
(9.27341 8.6778 0)
(3.25968 5.06999 0)
(9.70737 8.32153 0)
(6.53241 0.951877 0)
(1.60539 5.84508 0)
(1.61513 5.65276 0)
(2.73741 6.49133 0)
(2.60032 6.39433 0)
(2.88617 6.56929 0)
(0.559344 6.58081 0)
(12.8725 8.56386 0)
(13.387 8.63198 0)
(13.1059 5.00363 0)
(13.6263 5.17363 0)
(2.03896 3.53338 0)
(2.25045 3.57635 0)
(2.39623 3.44255 0)
(2.42651 3.62923 0)
(2.5694 3.50854 0)
(2.54169 3.3195 0)
(2.72627 3.38708 0)
(2.75032 3.57811 0)
(2.89847 3.46341 0)
(2.90521 3.67036 0)
(3.06595 3.53941 0)
(3.09249 3.71628 0)
(3.24086 3.60499 0)
(3.23801 3.80461 0)
(3.41553 3.67725 0)
(3.43922 3.86881 0)
(3.28789 3.98665 0)
(3.60499 3.74659 0)
(3.4392 4.05284 0)
(3.29843 4.15527 0)
(2.94986 3.82213 0)
(3.2071 3.41083 0)
(3.154 4.09281 0)
(3.17238 4.25157 0)
(3.31102 4.31802 0)
(3.1907 4.39497 0)
(3.31903 4.45938 0)
(3.57811 3.5422 0)
(3.78278 3.62108 0)
(2.69591 3.18416 0)
(2.63978 8.95481 0)
(3.1488 9.1124 0)
(4.14697 1.27813 0)
(3.82888 1.58892 0)
(6.59833 4.25406 0)
(3.46005 8.82937 0)
(2.30781 3.73355 0)
(2.45768 3.79374 0)
(3.37729 4.97805 0)
(3.25401 4.93333 0)
(2.62622 6.24705 0)
(2.46797 6.29587 0)
(1.81106 5.58509 0)
(3.21305 4.53545 0)
(3.32716 4.59245 0)
(5.54236 4.10735 0)
(5.83244 3.87251 0)
(5.76701 3.5167 0)
(1.72243 5.28806 0)
(8.65803 6.24827 0)
(1.77127 4.51981 0)
(1.69252 4.32662 0)
(4.2702 3.73064 0)
(3.71401 1.14741 0)
(3.39707 1.46738 0)
(3.2519 0.958609 0)
(2.94584 1.33326 0)
(2.73409 0.914389 0)
(2.47886 1.24159 0)
(3.22496 4.65895 0)
(6.13468 3.63914 0)
(5.06963 9.0387 0)
(5.46015 8.74464 0)
(0.918708 5.57444 0)
(2.24079 6.21926 0)
(5.32552 1.21729 0)
(4.166 7.45407 0)
(4.49667 7.2591 0)
(2.76217 6.18987 0)
(13.632 2.09791 0)
(13.5211 1.5282 0)
(13.767 2.66402 0)
(3.12185 3.9485 0)
(3.01213 4.03197 0)
(2.29253 6.37763 0)
(13.6949 8.23427 0)
(3.75827 3.39945 0)
(0.953949 3.89301 0)
(2.87804 6.11778 0)
(2.95821 5.94939 0)
(13.8679 3.69414 0)
(2.56313 6.06896 0)
(2.44953 6.06703 0)
(7.01616 1.11908 0)
(3.36757 4.74185 0)
(6.0666 3.2319 0)
(3.05001 4.16667 0)
(2.59104 3.68361 0)
(2.72833 3.74473 0)
(3.80343 3.8742 0)
(2.28264 6.61277 0)
(0.878715 2.98355 0)
(1.29868 2.74645 0)
(12.534 1.11282 0)
(3.31387 5.36497 0)
(3.20563 5.45783 0)
(3.1823 5.58239 0)
(0.713253 3.29813 0)
(2.58759 3.81621 0)
(3.2946 3.01736 0)
(3.18707 5.3373 0)
(3.19408 6.47354 0)
(3.42055 6.56343 0)
(1.13109 8.29879 0)
(1.13062 7.83775 0)
(1.17404 8.76083 0)
(1.66291 8.99426 0)
(3.0589 6.86471 0)
(2.69086 6.8179 0)
(3.18336 5.15168 0)
(2.23787 5.96855 0)
(2.23905 4.02964 0)
(2.23126 3.92234 0)
(2.11114 3.97973 0)
(4.70669 9.35653 0)
(2.04258 4.08286 0)
(3.72554 4.2796 0)
(3.55148 4.29991 0)
(3.7236 4.06865 0)
(4.0747 3.93659 0)
(8.72946 6.76178 0)
(2.70949 2.91854 0)
(2.84097 4.10689 0)
(2.76378 4.02553 0)
(2.76849 3.93277 0)
(0.377427 4.50964 0)
(2.13055 3.72791 0)
(3.54242 1.88387 0)
(3.54586 4.96504 0)
(5.5672 7.16479 0)
(5.17118 7.02116 0)
(5.51597 6.74544 0)
(5.1282 6.63612 0)
(4.84201 6.85821 0)
(5.86152 6.44501 0)
(4.81989 6.54693 0)
(4.85074 7.19635 0)
(5.37569 6.32623 0)
(4.45568 3.4573 0)
(3.89281 2.02174 0)
(2.88267 3.96979 0)
(3.81954 6.19771 0)
(3.78835 5.9512 0)
(3.95195 5.7935 0)
(3.60377 6.1084 0)
(3.4252 6.25408 0)
(3.7403 5.73377 0)
(3.88524 5.5674 0)
(4.11396 5.63909 0)
(1.4049 5.53153 0)
(6.20563 4.01124 0)
(1.97054 6.47012 0)
(2.43992 3.92945 0)
(0.506537 2.05382 0)
(0.984253 1.75386 0)
(0.974069 1.19386 0)
(1.44173 1.49615 0)
(1.42879 2.02565 0)
(1.44213 0.963749 0)
(0.933571 2.25953 0)
(1.82839 1.7252 0)
(0.458578 7.89554 0)
(0.986208 7.19465 0)
(4.1206 7.08934 0)
(1.71591 4.89952 0)
(2.73054 9.47465 0)
(2.45157 6.4831 0)
(3.86712 7.65498 0)
(6.53919 3.8044 0)
(5.13099 0.492612 0)
(4.60124 0.627294 0)
(2.10793 5.80538 0)
(1.90063 1.26257 0)
(3.23035 4.79775 0)
(5.7447 6.04657 0)
(6.01017 5.73063 0)
(6.28762 6.57495 0)
(4.92719 4.20231 0)
(3.09527 1.82098 0)
(1.78332 5.14146 0)
(14.471 3.87972 0)
(7.96099 3.21562 0)
(8.08013 3.66532 0)
(8.52482 3.94466 0)
(7.46197 3.0974 0)
(2.9361 4.28795 0)
(8.91735 3.57624 0)
(9.44204 3.74608 0)
(6.28683 9.49608 0)
(5.93184 8.98725 0)
(6.54993 8.99036 0)
(6.26989 8.52683 0)
(6.79382 8.49674 0)
(6.95661 8.07838 0)
(7.28463 8.3351 0)
(6.86898 9.48607 0)
(2.94059 5.71494 0)
(3.00117 5.79666 0)
(13.3118 3.00582 0)
(2.12472 6.00294 0)
(3.48786 4.62357 0)
(8.08863 9.48816 0)
(7.80664 9.00427 0)
(8.37405 9.00113 0)
(8.10393 0.511784 0)
(7.82019 0.954572 0)
(8.38439 0.987718 0)
(8.96025 1.02561 0)
(8.56623 1.47243 0)
(9.14416 1.59919 0)
(9.523 1.05003 0)
(4.37599 5.60262 0)
(4.34889 5.29539 0)
(4.55297 5.11485 0)
(4.86116 5.17701 0)
(4.75956 4.88628 0)
(5.09253 4.94048 0)
(4.95207 4.59884 0)
(4.46023 2.16272 0)
(3.00896 4.4715 0)
(1.00135 6.74901 0)
(3.09048 3.20337 0)
(1.653 5.45944 0)
(4.45769 4.83346 0)
(3.00943 5.52929 0)
(3.972 3.46553 0)
(9.5793 4.27146 0)
(4.22572 8.20601 0)
(9.81308 8.86947 0)
(6.93368 0.565388 0)
(10.9636 6.78626 0)
(6.75373 4.71494 0)
(3.0806 4.95174 0)
(9.24683 9.50457 0)
(10.355 9.09895 0)
(9.27456 0.522422 0)
(10.1346 1.0786 0)
(10.4693 0.573082 0)
(10.7021 1.158 0)
(11.103 0.665708 0)
(11.5738 1.11132 0)
(3.06939 5.32876 0)
(11.3911 6.44546 0)
(10.873 6.21703 0)
(3.04961 4.66226 0)
(2.10246 4.19 0)
(7.21056 8.91339 0)
(3.37138 0.4555 0)
(2.57487 7.7986 0)
(3.07199 4.85462 0)
(2.05897 5.71541 0)
(1.93281 5.70736 0)
(3.03998 5.70293 0)
(4.23197 4.67649 0)
(11.2071 5.3427 0)
(5.39172 3.09791 0)
(3.04402 4.28859 0)
(2.84371 5.89271 0)
(2.7529 5.96539 0)
(13.5155 9.51885 0)
(13.4769 0.523881 0)
(11.2442 2.82578 0)
(12.3004 9.50114 0)
(12.0006 8.96198 0)
(11.3322 9.00873 0)
(11.0804 9.55415 0)
(12.3006 0.519297 0)
(13.1935 1.0346 0)
(10.787 5.67065 0)
(1.8662 4.38364 0)
(14.5192 5.59042 0)
(14.4998 6.17378 0)
(13.9829 5.88235 0)
(14.5171 8.54277 0)
(14.5112 7.35248 0)
(14.0039 7.70182 0)
(14.5253 1.48622 0)
(14.4007 2.67537 0)
(12.2214 2.62735 0)
(1.80023 4.67485 0)
(13.889 8.86397 0)
(1.99005 5.53002 0)
(11.427 3.90469 0)
(10.8092 3.19727 0)
(10.0816 6.86092 0)
(9.69684 7.17966 0)
(2.00562 4.37221 0)
(8.10618 8.54925 0)
(9.20828 6.97862 0)
(9.65018 7.78289 0)
(12.5715 4.80488 0)
(12.8982 6.47109 0)
(5.24855 4.33793 0)
(12.1291 7.75855 0)
(3.47605 5.96241 0)
(12.2358 8.42688 0)
(1.96198 4.56462 0)
(9.63886 2.33387 0)
(2.24269 7.62237 0)
(7.62695 1.72564 0)
(3.36803 3.25583 0)
(1.49043 9.5277 0)
(2.17048 8.9667 0)
(10.6994 5.14464 0)
(8.5811 5.76759 0)
(10.9099 3.73231 0)
(9.89908 5.80086 0)
(13.9707 6.44864 0)
(9.22613 4.6527 0)
(3.07626 5.60406 0)
(2.47848 3.09946 0)
(4.20587 5.85444 0)
(7.95583 4.68299 0)
(12.6751 5.35462 0)
(7.34953 5.71986 0)
(1.67436 7.46649 0)
(1.9629 5.43472 0)
(1.83498 5.41654 0)
(1.93824 4.65877 0)
(4.66056 4.36821 0)
(1.93416 5.24186 0)
(1.83623 4.21188 0)
(13.4201 6.08786 0)
(2.62406 1.64179 0)
(1.92027 4.85441 0)
(1.91612 5.15142 0)
(1.91453 4.95328 0)
(2.88409 3.2814 0)
(10.1817 8.04698 0)
(9.03803 4.07982 0)
(6.29291 0.479168 0)
(1.11859 5.08769 0)
(1.00385 4.85551 0)
(4.30343 5.06943 0)
(3.94292 3.23807 0)
(6.75644 1.91618 0)
(1.93645 4.28774 0)
(0.494239 0.908658 0)
(0.474385 9.14569 0)
(13.8159 0.966161 0)
(6.82642 3.52811 0)
(3.3402 2.18799 0)
(14.4996 4.45585 0)
(3.87647 8.00591 0)
(3.63594 7.51264 0)
(4.27933 9.14058 0)
(3.7628 5.40891 0)
(13.2098 5.54937 0)
(3.07494 5.88757 0)
(7.50395 6.60536 0)
(5.52827 2.00979 0)
(8.31337 4.36333 0)
(4.57767 2.51546 0)
(8.21222 6.04121 0)
(1.81537 5.00178 0)
(14.4426 0.922405 0)
(14.5118 9.11765 0)
(11.3427 3.36529 0)
(3.33451 4.85506 0)
(2.23339 6.0862 0)
(3.0864 5.1487 0)
(5.35941 8.30879 0)
(4.15133 6.8051 0)
(3.89729 8.41357 0)
(11.7709 2.99896 0)
(0.672631 6.96319 0)
(7.7782 5.87344 0)
(5.19408 9.51247 0)
(2.37364 6.16205 0)
(6.36622 4.6397 0)
(8.61483 2.02094 0)
(5.34077 5.92755 0)
(2.56247 3.92851 0)
(12.766 2.81606 0)
(3.29226 8.41192 0)
(1.81107 4.79607 0)
(2.33689 3.86086 0)
(1.44355 5.74386 0)
(1.56018 6.04623 0)
(7.86125 6.31393 0)
(1.54539 0.462246 0)
(3.43469 4.38418 0)
(2.62248 7.48798 0)
(12.3024 3.17755 0)
(11.2321 8.45915 0)
(10.7692 8.78101 0)
(13.9211 3.1574 0)
(1.88223 7.23181 0)
(3.367 9.54346 0)
(3.16447 4.99696 0)
(7.1237 1.59075 0)
(2.55657 0.479053 0)
(3.94235 2.41821 0)
(4.4195 6.92205 0)
(13.3761 3.53512 0)
(3.04781 6.64568 0)
(4.04272 4.79381 0)
(10.3824 5.99485 0)
(4.01437 3.69085 0)
(10.3831 1.59933 0)
(3.39525 3.47259 0)
(2.22918 1.58987 0)
(5.63215 4.44967 0)
(4.10189 5.18971 0)
(4.13575 5.41272 0)
(1.94595 2.43276 0)
(1.58531 2.39478 0)
(1.33458 6.71643 0)
(3.10483 5.50321 0)
(2.35706 3.26349 0)
(2.43582 1.95254 0)
(5.41076 3.42984 0)
(12.6 9.03866 0)
(3.1068 4.49298 0)
(2.9449 4.11117 0)
(2.3833 7.34969 0)
(5.82553 5.45718 0)
(14.0629 1.79414 0)
(1.9589 3.7 0)
(1.11077 4.64265 0)
(10.2502 8.57451 0)
(14.0353 7.05452 0)
(9.72765 1.5346 0)
(6.8594 7.64685 0)
(8.90777 9.01964 0)
(3.85184 8.88868 0)
(1.19719 3.66436 0)
(3.07131 4.39531 0)
(3.1269 4.60314 0)
(14.0417 4.79298 0)
(5.43506 1.59475 0)
(1.9703 4.18658 0)
(1.96594 8.61639 0)
(2.58947 6.55844 0)
(10.4749 6.54973 0)
(2.04705 5.8988 0)
(0.671727 4.18039 0)
(2.18805 0.923781 0)
(2.64989 6.1307 0)
(4.65431 4.64448 0)
(3.1566 4.88907 0)
(10.5 9.58774 0)
(5.91335 4.21938 0)
(3.6207 5.86667 0)
(5.99424 0.877331 0)
(1.56913 2.96162 0)
(1.67441 4.15629 0)
(0.919914 2.64069 0)
(3.12022 5.40919 0)
(1.46245 7.70437 0)
(12.0263 0.945213 0)
(3.56804 3.33114 0)
(0.850288 7.5866 0)
(1.88911 4.50739 0)
(3.03369 2.17681 0)
(2.14504 6.49913 0)
(6.05498 8.16301 0)
(5.79465 8.46101 0)
(8.02516 1.38114 0)
(0.821685 3.60093 0)
(2.52444 6.16394 0)
(1.95852 7.49948 0)
(3.02921 3.37968 0)
(0.621085 5.31544 0)
(3.59996 3.94841 0)
(1.92955 5.59069 0)
(1.85452 2.10955 0)
(4.45707 1.03539 0)
(1.90261 5.51046 0)
(4.23211 4.87688 0)
(3.09339 5.77412 0)
(14.0546 5.34766 0)
(7.46747 1.27995 0)
(14.0789 2.2799 0)
(3.35846 6.39846 0)
(1.23649 9.17688 0)
(5.68666 3.21502 0)
(2.69316 3.86977 0)
(2.83085 3.82661 0)
(13.5019 7.79488 0)
(4.31747 9.55432 0)
(3.43469 4.22504 0)
(7.30932 7.84498 0)
(3.93728 6.91743 0)
(3.44367 4.87831 0)
(2.75895 6.06845 0)
(4.15378 2.17724 0)
(3.88133 7.37224 0)
(11.6951 8.59276 0)
(4.78023 6.25883 0)
(1.85654 5.30229 0)
(5.73582 1.24724 0)
(4.18227 3.52032 0)
(4.56421 6.45378 0)
(4.61351 6.73426 0)
(3.14116 5.68542 0)
(3.00508 3.92401 0)
(4.0648 0.837555 0)
(7.70724 3.50843 0)
(8.3053 8.15388 0)
(0.408128 3.11361 0)
(6.19359 2.89356 0)
(3.42781 4.51047 0)
(1.83543 4.90101 0)
(2.13142 3.86568 0)
(0.42627 9.57288 0)
(0.433297 0.4383 0)
(5.47309 9.15883 0)
(3.13716 4.71048 0)
(14.6036 9.60629 0)
(14.5588 0.438111 0)
(8.29688 6.50852 0)
(9.48892 1.90609 0)
(1.16438 5.49877 0)
(3.54472 9.171 0)
(1.8703 4.59314 0)
(2.85945 3.08969 0)
(2.86022 6.00596 0)
(6.27216 4.33461 0)
(7.07201 3.22932 0)
(1.40365 5.90736 0)
(2.87418 6.76377 0)
(0.819331 5.08287 0)
(2.34373 6.2637 0)
(8.38089 6.95402 0)
(4.64879 7.0307 0)
(0.767125 4.64666 0)
(5.03093 6.37504 0)
(2.4102 9.21913 0)
(3.35363 7.47682 0)
(3.13189 4.80215 0)
(3.61431 8.54569 0)
(2.01323 5.80038 0)
(0.320621 6.85982 0)
(2.95411 5.86521 0)
(3.58969 7.26599 0)
(7.7485 3.87632 0)
(3.14656 5.23947 0)
(5.42882 0.821571 0)
(3.60955 0.781518 0)
(3.05889 3.84764 0)
(3.57908 4.14574 0)
(6.32199 5.67074 0)
(13.6323 5.63242 0)
(13.1969 9.08821 0)
(11.1424 1.29795 0)
(0.984492 5.31189 0)
(3.59063 5.6937 0)
(2.7139 6.65056 0)
(6.43155 3.46857 0)
(7.64319 8.58283 0)
(9.4251 9.07469 0)
(3.32953 6.15585 0)
(3.43481 6.10208 0)
(3.735 3.2086 0)
(2.98279 0.56151 0)
(0.365994 3.48373 0)
(8.84601 7.14468 0)
(3.1196 4.33261 0)
(2.21866 3.81859 0)
(0.837597 8.06512 0)
(2.50851 3.86804 0)
(3.15219 5.08195 0)
(1.84619 5.21509 0)
(1.82942 0.815505 0)
(1.27334 2.43402 0)
(14.0736 1.33943 0)
(3.23919 5.66815 0)
(14.143 8.25066 0)
(2.36434 8.69554 0)
(12.9631 1.48153 0)
(8.1441 4.04239 0)
(2.96739 6.04483 0)
(4.76737 7.46821 0)
(10.7785 9.22669 0)
(0.88925 9.06099 0)
(2.10845 1.91479 0)
(3.0121 6.48648 0)
(2.97027 4.21067 0)
(4.2722 0.388094 0)
(7.3554 0.883467 0)
(1.96859 3.98681 0)
(3.07956 5.04844 1)
(3.03231 5.43384 1)
(3.03417 4.56625 1)
(2.89148 4.1966 1)
(2.89251 5.79972 1)
(7.5395 0.498354 1)
(7.47368 9.47975 1)
(14.5253 5.01418 1)
(2.67784 3.97272 1)
(2.66742 6.03125 1)
(9.88348 9.44613 1)
(9.87518 0.543753 1)
(5.69715 0.480414 1)
(5.72035 9.5305 1)
(2.32951 3.96867 1)
(2.33534 6.03575 1)
(2.16193 5.88939 1)
(2.16296 4.10375 1)
(11.7017 9.48034 1)
(11.7066 0.528248 1)
(3.83512 0.428185 1)
(3.89593 9.48111 1)
(14.5052 6.76194 1)
(14.4815 3.25469 1)
(2.07091 0.465172 1)
(2.1 9.48038 1)
(2.01899 5.62288 1)
(1.94411 5.3381 1)
(1.90796 5.05529 1)
(1.91968 4.75292 1)
(1.97776 4.46734 1)
(0.524 2.63221 1)
(0.478454 7.32157 1)
(2.0558 4.28287 1)
(2.97899 4.37782 1)
(2.97962 5.62365 1)
(3.06334 4.75883 1)
(3.04982 5.23793 1)
(8.67861 9.49392 1)
(12.9 9.52588 1)
(12.9 0.519615 1)
(8.68891 0.515142 1)
(14.5244 7.94118 1)
(14.5154 2.04365 1)
(0.483698 6.13232 1)
(0.49429 3.80694 1)
(0.46641 4.94156 1)
(0.59466 8.53705 1)
(0.497468 1.48046 1)
(14.0971 0.498581 1)
(14.1061 9.50201 1)
(0.949704 0.557179 1)
(0.92048 9.48878 1)
(0.498246 5.67738 1)
(0.885567 5.91741 1)
(0.905593 6.31748 1)
(1.24131 6.08987 1)
(1.25075 6.4423 1)
(1.2096 5.75341 1)
(1.51976 6.2764 1)
(1.54253 6.55484 1)
(1.76428 6.39393 1)
(1.79135 6.66395 1)
(1.56726 6.83292 1)
(1.83107 6.93417 1)
(2.05905 6.72771 1)
(2.08976 7.02325 1)
(2.29604 6.85956 1)
(2.33648 7.121 1)
(2.53651 6.95711 1)
(2.58364 7.21655 1)
(2.80816 7.00875 1)
(2.83895 7.31238 1)
(3.06211 7.13261 1)
(3.09589 7.41202 1)
(3.30978 7.21529 1)
(3.27333 6.96071 1)
(3.52242 7.04263 1)
(3.47187 6.79614 1)
(3.71457 6.87606 1)
(3.66771 6.62868 1)
(3.9107 6.70729 1)
(3.86687 6.45366 1)
(4.115 6.54116 1)
(4.06735 6.27688 1)
(4.31793 6.36751 1)
(4.27001 6.10054 1)
(4.52576 6.18096 1)
(4.48297 5.90561 1)
(4.75817 5.99264 1)
(4.70524 5.7003 1)
(4.99975 5.80129 1)
(4.93661 5.48742 1)
(5.25429 5.59046 1)
(5.18455 5.25966 1)
(5.51866 5.37006 1)
(5.45107 5.02258 1)
(5.79496 5.13224 1)
(5.7226 4.77776 1)
(6.08246 4.89154 1)
(5.35494 4.67751 1)
(6.15292 5.33227 1)
(6.45306 5.01792 1)
(6.54403 5.4222 1)
(6.85064 5.13831 1)
(5.05062 6.1071 1)
(5.99535 4.54091 1)
(6.93082 5.56722 1)
(7.26449 5.28405 1)
(7.17495 4.842 1)
(7.60446 4.98969 1)
(7.69066 5.43487 1)
(8.04279 5.13776 1)
(8.13278 5.59335 1)
(8.49224 5.2905 1)
(8.39811 4.82283 1)
(8.85894 4.97458 1)
(8.95183 5.45666 1)
(9.32921 5.13413 1)
(4.36753 6.63564 1)
(3.78919 7.10933 1)
(9.42242 5.62847 1)
(9.80753 5.29749 1)
(9.71057 4.79712 1)
(10.2 4.96187 1)
(10.29 5.47898 1)
(4.63224 5.40105 1)
(10.0958 4.4447 1)
(10.6014 4.61606 1)
(10.4982 4.092 1)
(9.97629 3.92049 1)
(11.0094 4.26351 1)
(2.1312 7.30053 1)
(10.3916 3.56347 1)
(9.86355 3.39041 1)
(4.01314 6.02645 1)
(6.61817 5.84045 1)
(2.87233 7.60494 1)
(3.15457 7.71545 1)
(3.59348 6.37135 1)
(10.2859 3.02542 1)
(9.75899 2.85425 1)
(3.24528 6.70577 1)
(9.34684 3.2214 1)
(7.00812 6.0005 1)
(6.65519 6.27973 1)
(7.07722 6.44466 1)
(6.71579 6.73514 1)
(7.15528 6.90494 1)
(6.78241 7.19457 1)
(7.23854 7.35562 1)
(7.61564 7.06718 1)
(6.34836 7.02755 1)
(11.1111 4.7976 1)
(11.5256 4.43921 1)
(11.6277 4.98256 1)
(12.0471 4.62096 1)
(11.9423 4.07468 1)
(12.1495 5.16666 1)
(11.7276 5.52853 1)
(12.2535 5.71498 1)
(11.8255 6.08034 1)
(12.3578 6.26668 1)
(11.9253 6.63638 1)
(9.23784 2.68639 1)
(8.83322 3.05029 1)
(8.72242 2.52657 1)
(8.32693 2.87764 1)
(1.60322 7.13022 1)
(6.41268 7.48445 1)
(5.98908 7.31732 1)
(2.89298 7.93183 1)
(12.4633 6.82586 1)
(7.70886 7.54179 1)
(8.07321 7.23948 1)
(12.4697 4.25722 1)
(12.3689 3.71294 1)
(12.0294 7.19524 1)
(11.4908 7.00523 1)
(7.51315 4.54585 1)
(12.5697 7.38836 1)
(3.22934 8.05534 1)
(8.21596 2.36516 1)
(7.8288 2.71153 1)
(2.5053 6.70264 1)
(10.1742 2.48214 1)
(10.7072 2.65832 1)
(6.04693 7.76586 1)
(5.63218 7.60405 1)
(6.49288 8.02054 1)
(7.7172 2.20065 1)
(7.33732 2.54581 1)
(7.2286 2.05363 1)
(6.85493 2.39409 1)
(6.97197 2.85247 1)
(6.50346 2.69093 1)
(6.38598 2.2478 1)
(6.05077 2.53753 1)
(5.94357 2.10882 1)
(5.61375 2.42545 1)
(5.75625 2.8681 1)
(5.31323 2.71326 1)
(5.21786 2.31308 1)
(4.93053 2.59853 1)
(5.01358 2.96503 1)
(4.6595 2.86288 1)
(4.74194 3.20996 1)
(4.41804 3.10727 1)
(4.3383 2.7823 1)
(4.10728 3.0126 1)
(4.18723 3.30348 1)
(4.02782 2.70764 1)
(3.80937 2.96659 1)
(3.72822 2.63109 1)
(3.51144 2.84421 1)
(3.43223 2.53579 1)
(3.21335 2.75694 1)
(3.55078 3.10857 1)
(3.13487 2.45922 1)
(2.92108 2.67778 1)
(2.83535 2.37694 1)
(2.60961 2.60337 1)
(2.51854 2.28174 1)
(4.83064 2.21167 1)
(3.01335 2.94268 1)
(2.76275 2.03891 1)
(3.64902 2.27726 1)
(2.27704 2.52526 1)
(2.38314 2.83204 1)
(2.19434 2.19681 1)
(5.08057 3.31937 1)
(4.8158 3.55263 1)
(2.05404 2.76477 1)
(2.17983 3.08932 1)
(1.84949 3.00585 1)
(1.93592 3.28881 1)
(1.73302 2.70181 1)
(1.64151 3.22556 1)
(1.75829 3.53217 1)
(8.18688 7.7264 1)
(8.53903 7.43017 1)
(11.5937 7.56486 1)
(11.0568 7.37278 1)
(12.7829 5.90424 1)
(10.5926 2.11194 1)
(11.1347 2.28441 1)
(2.94898 8.2952 1)
(2.58998 8.14941 1)
(2.18905 3.36662 1)
(6.59088 3.13931 1)
(5.11617 1.91946 1)
(4.70902 1.80106 1)
(11.1544 7.92757 1)
(10.6254 7.73595 1)
(10.5481 7.13221 1)
(6.2854 1.78026 1)
(9.13776 2.16149 1)
(8.67567 7.91903 1)
(5.13799 3.65843 1)
(4.87949 3.87969 1)
(7.07918 4.39764 1)
(5.6196 5.69362 1)
(12.8946 3.89903 1)
(12.8292 3.36991 1)
(5.69162 8.03556 1)
(5.281 7.88019 1)
(5.16634 7.44032 1)
(4.86682 7.74525 1)
(4.93983 8.14319 1)
(4.55395 7.97531 1)
(7.41445 4.11397 1)
(13.0025 4.44696 1)
(9.03667 5.95438 1)
(5.92603 6.87289 1)
(3.51139 7.79398 1)
(3.5701 8.18494 1)
(1.75121 6.15767 1)
(8.76159 4.49528 1)
(9.1094 7.51023 1)
(9.51649 6.13221 1)
(4.5957 8.40098 1)
(9.18496 8.11928 1)
(1.94327 6.25691 1)
(7.80792 8.11213 1)
(8.14662 1.86554 1)
(1.43112 3.44145 1)
(1.53058 3.7265 1)
(11.6747 8.10707 1)
(13.0068 7.01482 1)
(13.0936 7.58719 1)
(11.8581 3.54007 1)
(4.57348 3.78005 1)
(4.63043 4.0824 1)
(4.345 3.99062 1)
(4.4024 4.26686 1)
(4.14277 4.18371 1)
(4.19818 4.43539 1)
(3.96305 4.35711 1)
(4.00903 4.58477 1)
(3.90908 4.12633 1)
(3.80292 4.51323 1)
(3.84092 4.7199 1)
(3.65807 4.66014 1)
(3.6934 4.84717 1)
(3.5888 4.47072 1)
(3.87327 4.9173 1)
(3.72271 5.03939 1)
(3.90576 5.11202 1)
(3.74975 5.23077 1)
(4.0648 4.98576 1)
(3.92604 5.31656 1)
(4.4417 4.53561 1)
(3.57879 5.16096 1)
(3.6013 5.34074 1)
(3.5289 4.78332 1)
(3.44371 5.27256 1)
(3.46323 5.44189 1)
(3.64297 5.54432 1)
(3.47492 5.61844 1)
(3.42016 5.10936 1)
(10.7133 8.27337 1)
(5.01697 1.4936 1)
(4.49454 7.60571 1)
(13.4318 4.08442 1)
(1.81423 3.83368 1)
(1.61097 3.98347 1)
(1.34025 3.93771 1)
(1.47606 4.21093 1)
(1.14241 4.17213 1)
(1.28229 4.42995 1)
(8.42563 3.39128 1)
(10.9359 1.7246 1)
(11.5016 1.78493 1)
(3.31798 5.55408 1)
(3.34506 5.71838 1)
(3.47985 5.78602 1)
(3.34591 5.87259 1)
(2.64953 8.52953 1)
(2.27905 8.36224 1)
(3.02835 8.69585 1)
(1.32296 3.12843 1)
(7.97249 6.75261 1)
(5.01022 8.58289 1)
(1.54629 4.47739 1)
(1.39669 4.6765 1)
(3.20945 5.80049 1)
(3.20946 5.95677 1)
(3.33948 6.02965 1)
(3.19912 6.10643 1)
(3.07037 6.02456 1)
(3.04021 6.16604 1)
(3.22508 6.27183 1)
(3.04439 6.34183 1)
(2.90385 6.25482 1)
(2.88967 6.41702 1)
(2.75439 6.32488 1)
(4.58672 1.38265 1)
(4.25413 1.76104 1)
(1.31104 7.00309 1)
(1.27761 7.40962 1)
(11.3 5.89176 1)
(0.972917 4.40137 1)
(9.1206 6.46471 1)
(10.0148 1.9921 1)
(12.6715 7.95977 1)
(13.1974 8.16086 1)
(6.2188 6.08935 1)
(4.93676 0.994157 1)
(5.20192 3.99458 1)
(5.47896 3.76597 1)
(4.63985 8.8613 1)
(4.24683 2.47464 1)
(9.61078 6.64785 1)
(10.0008 6.30709 1)
(4.23064 8.65723 1)
(7.86311 4.23848 1)
(11.6718 2.44211 1)
(12.1037 2.0664 1)
(7.42488 6.15908 1)
(2.23345 7.98959 1)
(1.89552 8.21466 1)
(1.84831 4.06416 1)
(2.01091 3.86332 1)
(12.0164 1.45438 1)
(12.5433 1.72616 1)
(12.6645 2.2704 1)
(13.0924 1.93218 1)
(13.2165 2.46722 1)
(6.98306 3.94803 1)
(7.32622 3.61286 1)
(4.19348 7.80782 1)
(1.85163 7.80273 1)
(1.48854 8.05175 1)
(1.54273 8.48899 1)
(1.95397 6.03267 1)
(1.76674 5.95068 1)
(3.27919 5.21949 1)
(10.1202 7.48295 1)
(2.10298 6.1454 1)
(2.12041 6.30745 1)
(13.5336 4.62905 1)
(5.84914 1.68155 1)
(6.18427 1.32971 1)
(6.65823 1.44925 1)
(8.68727 8.48411 1)
(13.5197 7.29023 1)
(13.4635 6.72692 1)
(1.9208 5.85866 1)
(1.78142 5.76313 1)
(1.0846 3.37126 1)
(13.966 4.24869 1)
(1.65137 4.70394 1)
(1.50288 4.88386 1)
(1.26051 4.87711 1)
(1.37636 5.09576 1)
(1.63225 5.08829 1)
(1.50795 5.29853 1)
(1.26486 5.31215 1)
(9.27341 8.6778 1)
(3.25968 5.06999 1)
(9.70737 8.32153 1)
(6.53241 0.951877 1)
(1.60539 5.84508 1)
(1.61513 5.65276 1)
(2.73741 6.49133 1)
(2.60032 6.39433 1)
(2.88617 6.56929 1)
(0.559344 6.58081 1)
(12.8725 8.56386 1)
(13.387 8.63198 1)
(13.1059 5.00363 1)
(13.6263 5.17363 1)
(2.03896 3.53338 1)
(2.25045 3.57635 1)
(2.39623 3.44255 1)
(2.42651 3.62923 1)
(2.5694 3.50854 1)
(2.54169 3.3195 1)
(2.72627 3.38708 1)
(2.75032 3.57811 1)
(2.89847 3.46341 1)
(2.90521 3.67036 1)
(3.06595 3.53941 1)
(3.09249 3.71628 1)
(3.24086 3.60499 1)
(3.23801 3.80461 1)
(3.41553 3.67725 1)
(3.43922 3.86881 1)
(3.28789 3.98665 1)
(3.60499 3.74659 1)
(3.4392 4.05284 1)
(3.29843 4.15527 1)
(2.94986 3.82213 1)
(3.2071 3.41083 1)
(3.154 4.09281 1)
(3.17238 4.25157 1)
(3.31102 4.31802 1)
(3.1907 4.39497 1)
(3.31903 4.45938 1)
(3.57811 3.5422 1)
(3.78278 3.62108 1)
(2.69591 3.18416 1)
(2.63978 8.95481 1)
(3.1488 9.1124 1)
(4.14697 1.27813 1)
(3.82888 1.58892 1)
(6.59833 4.25406 1)
(3.46005 8.82937 1)
(2.30781 3.73355 1)
(2.45768 3.79374 1)
(3.37729 4.97805 1)
(3.25401 4.93333 1)
(2.62622 6.24705 1)
(2.46797 6.29587 1)
(1.81106 5.58509 1)
(3.21305 4.53545 1)
(3.32716 4.59245 1)
(5.54236 4.10735 1)
(5.83244 3.87251 1)
(5.76701 3.5167 1)
(1.72243 5.28806 1)
(8.65803 6.24827 1)
(1.77127 4.51981 1)
(1.69252 4.32662 1)
(4.2702 3.73064 1)
(3.71401 1.14741 1)
(3.39707 1.46738 1)
(3.2519 0.958609 1)
(2.94584 1.33326 1)
(2.73409 0.914389 1)
(2.47886 1.24159 1)
(3.22496 4.65895 1)
(6.13468 3.63914 1)
(5.06963 9.0387 1)
(5.46015 8.74464 1)
(0.918708 5.57444 1)
(2.24079 6.21926 1)
(5.32552 1.21729 1)
(4.166 7.45407 1)
(4.49667 7.2591 1)
(2.76217 6.18987 1)
(13.632 2.09791 1)
(13.5211 1.5282 1)
(13.767 2.66402 1)
(3.12185 3.9485 1)
(3.01213 4.03197 1)
(2.29253 6.37763 1)
(13.6949 8.23427 1)
(3.75827 3.39945 1)
(0.953949 3.89301 1)
(2.87804 6.11778 1)
(2.95821 5.94939 1)
(13.8679 3.69414 1)
(2.56313 6.06896 1)
(2.44953 6.06703 1)
(7.01616 1.11908 1)
(3.36757 4.74185 1)
(6.0666 3.2319 1)
(3.05001 4.16667 1)
(2.59104 3.68361 1)
(2.72833 3.74473 1)
(3.80343 3.8742 1)
(2.28264 6.61277 1)
(0.878715 2.98355 1)
(1.29868 2.74645 1)
(12.534 1.11282 1)
(3.31387 5.36497 1)
(3.20563 5.45783 1)
(3.1823 5.58239 1)
(0.713253 3.29813 1)
(2.58759 3.81621 1)
(3.2946 3.01736 1)
(3.18707 5.3373 1)
(3.19408 6.47354 1)
(3.42055 6.56343 1)
(1.13109 8.29879 1)
(1.13062 7.83775 1)
(1.17404 8.76083 1)
(1.66291 8.99426 1)
(3.0589 6.86471 1)
(2.69086 6.8179 1)
(3.18336 5.15168 1)
(2.23787 5.96855 1)
(2.23905 4.02964 1)
(2.23126 3.92234 1)
(2.11114 3.97973 1)
(4.70669 9.35653 1)
(2.04258 4.08286 1)
(3.72554 4.2796 1)
(3.55148 4.29991 1)
(3.7236 4.06865 1)
(4.0747 3.93659 1)
(8.72946 6.76178 1)
(2.70949 2.91854 1)
(2.84097 4.10689 1)
(2.76378 4.02553 1)
(2.76849 3.93277 1)
(0.377427 4.50964 1)
(2.13055 3.72791 1)
(3.54242 1.88387 1)
(3.54586 4.96504 1)
(5.5672 7.16479 1)
(5.17118 7.02116 1)
(5.51597 6.74544 1)
(5.1282 6.63612 1)
(4.84201 6.85821 1)
(5.86152 6.44501 1)
(4.81989 6.54693 1)
(4.85074 7.19635 1)
(5.37569 6.32623 1)
(4.45568 3.4573 1)
(3.89281 2.02174 1)
(2.88267 3.96979 1)
(3.81954 6.19771 1)
(3.78835 5.9512 1)
(3.95195 5.7935 1)
(3.60377 6.1084 1)
(3.4252 6.25408 1)
(3.7403 5.73377 1)
(3.88524 5.5674 1)
(4.11396 5.63909 1)
(1.4049 5.53153 1)
(6.20563 4.01124 1)
(1.97054 6.47012 1)
(2.43992 3.92945 1)
(0.506537 2.05382 1)
(0.984253 1.75386 1)
(0.974069 1.19386 1)
(1.44173 1.49615 1)
(1.42879 2.02565 1)
(1.44213 0.963749 1)
(0.933571 2.25953 1)
(1.82839 1.7252 1)
(0.458578 7.89554 1)
(0.986208 7.19465 1)
(4.1206 7.08934 1)
(1.71591 4.89952 1)
(2.73054 9.47465 1)
(2.45157 6.4831 1)
(3.86712 7.65498 1)
(6.53919 3.8044 1)
(5.13099 0.492612 1)
(4.60124 0.627294 1)
(2.10793 5.80538 1)
(1.90063 1.26257 1)
(3.23035 4.79775 1)
(5.7447 6.04657 1)
(6.01017 5.73063 1)
(6.28762 6.57495 1)
(4.92719 4.20231 1)
(3.09527 1.82098 1)
(1.78332 5.14146 1)
(14.471 3.87972 1)
(7.96099 3.21562 1)
(8.08013 3.66532 1)
(8.52482 3.94466 1)
(7.46197 3.0974 1)
(2.9361 4.28795 1)
(8.91735 3.57624 1)
(9.44204 3.74608 1)
(6.28683 9.49608 1)
(5.93184 8.98725 1)
(6.54993 8.99036 1)
(6.26989 8.52683 1)
(6.79382 8.49674 1)
(6.95661 8.07838 1)
(7.28463 8.3351 1)
(6.86898 9.48607 1)
(2.94059 5.71494 1)
(3.00117 5.79666 1)
(13.3118 3.00582 1)
(2.12472 6.00294 1)
(3.48786 4.62357 1)
(8.08863 9.48816 1)
(7.80664 9.00427 1)
(8.37405 9.00113 1)
(8.10393 0.511784 1)
(7.82019 0.954572 1)
(8.38439 0.987718 1)
(8.96025 1.02561 1)
(8.56623 1.47243 1)
(9.14416 1.59919 1)
(9.523 1.05003 1)
(4.37599 5.60262 1)
(4.34889 5.29539 1)
(4.55297 5.11485 1)
(4.86116 5.17701 1)
(4.75956 4.88628 1)
(5.09253 4.94048 1)
(4.95207 4.59884 1)
(4.46023 2.16272 1)
(3.00896 4.4715 1)
(1.00135 6.74901 1)
(3.09048 3.20337 1)
(1.653 5.45944 1)
(4.45769 4.83346 1)
(3.00943 5.52929 1)
(3.972 3.46553 1)
(9.5793 4.27146 1)
(4.22572 8.20601 1)
(9.81308 8.86947 1)
(6.93368 0.565388 1)
(10.9636 6.78626 1)
(6.75373 4.71494 1)
(3.0806 4.95174 1)
(9.24683 9.50457 1)
(10.355 9.09895 1)
(9.27456 0.522422 1)
(10.1346 1.0786 1)
(10.4693 0.573082 1)
(10.7021 1.158 1)
(11.103 0.665708 1)
(11.5738 1.11132 1)
(3.06939 5.32876 1)
(11.3911 6.44546 1)
(10.873 6.21703 1)
(3.04961 4.66226 1)
(2.10246 4.19 1)
(7.21056 8.91339 1)
(3.37138 0.4555 1)
(2.57487 7.7986 1)
(3.07199 4.85462 1)
(2.05897 5.71541 1)
(1.93281 5.70736 1)
(3.03998 5.70293 1)
(4.23197 4.67649 1)
(11.2071 5.3427 1)
(5.39172 3.09791 1)
(3.04402 4.28859 1)
(2.84371 5.89271 1)
(2.7529 5.96539 1)
(13.5155 9.51885 1)
(13.4769 0.523881 1)
(11.2442 2.82578 1)
(12.3004 9.50114 1)
(12.0006 8.96198 1)
(11.3322 9.00873 1)
(11.0804 9.55415 1)
(12.3006 0.519297 1)
(13.1935 1.0346 1)
(10.787 5.67065 1)
(1.8662 4.38364 1)
(14.5192 5.59042 1)
(14.4998 6.17378 1)
(13.9829 5.88235 1)
(14.5171 8.54277 1)
(14.5112 7.35248 1)
(14.0039 7.70182 1)
(14.5253 1.48622 1)
(14.4007 2.67537 1)
(12.2214 2.62735 1)
(1.80023 4.67485 1)
(13.889 8.86397 1)
(1.99005 5.53002 1)
(11.427 3.90469 1)
(10.8092 3.19727 1)
(10.0816 6.86092 1)
(9.69684 7.17966 1)
(2.00562 4.37221 1)
(8.10618 8.54925 1)
(9.20828 6.97862 1)
(9.65018 7.78289 1)
(12.5715 4.80488 1)
(12.8982 6.47109 1)
(5.24855 4.33793 1)
(12.1291 7.75855 1)
(3.47605 5.96241 1)
(12.2358 8.42688 1)
(1.96198 4.56462 1)
(9.63886 2.33387 1)
(2.24269 7.62237 1)
(7.62695 1.72564 1)
(3.36803 3.25583 1)
(1.49043 9.5277 1)
(2.17048 8.9667 1)
(10.6994 5.14464 1)
(8.5811 5.76759 1)
(10.9099 3.73231 1)
(9.89908 5.80086 1)
(13.9707 6.44864 1)
(9.22613 4.6527 1)
(3.07626 5.60406 1)
(2.47848 3.09946 1)
(4.20587 5.85444 1)
(7.95583 4.68299 1)
(12.6751 5.35462 1)
(7.34953 5.71986 1)
(1.67436 7.46649 1)
(1.9629 5.43472 1)
(1.83498 5.41654 1)
(1.93824 4.65877 1)
(4.66056 4.36821 1)
(1.93416 5.24186 1)
(1.83623 4.21188 1)
(13.4201 6.08786 1)
(2.62406 1.64179 1)
(1.92027 4.85441 1)
(1.91612 5.15142 1)
(1.91453 4.95328 1)
(2.88409 3.2814 1)
(10.1817 8.04698 1)
(9.03803 4.07982 1)
(6.29291 0.479168 1)
(1.11859 5.08769 1)
(1.00385 4.85551 1)
(4.30343 5.06943 1)
(3.94292 3.23807 1)
(6.75644 1.91618 1)
(1.93645 4.28774 1)
(0.494239 0.908658 1)
(0.474385 9.14569 1)
(13.8159 0.966161 1)
(6.82642 3.52811 1)
(3.3402 2.18799 1)
(14.4996 4.45585 1)
(3.87647 8.00591 1)
(3.63594 7.51264 1)
(4.27933 9.14058 1)
(3.7628 5.40891 1)
(13.2098 5.54937 1)
(3.07494 5.88757 1)
(7.50395 6.60536 1)
(5.52827 2.00979 1)
(8.31337 4.36333 1)
(4.57767 2.51546 1)
(8.21222 6.04121 1)
(1.81537 5.00178 1)
(14.4426 0.922405 1)
(14.5118 9.11765 1)
(11.3427 3.36529 1)
(3.33451 4.85506 1)
(2.23339 6.0862 1)
(3.0864 5.1487 1)
(5.35941 8.30879 1)
(4.15133 6.8051 1)
(3.89729 8.41357 1)
(11.7709 2.99896 1)
(0.672631 6.96319 1)
(7.7782 5.87344 1)
(5.19408 9.51247 1)
(2.37364 6.16205 1)
(6.36622 4.6397 1)
(8.61483 2.02094 1)
(5.34077 5.92755 1)
(2.56247 3.92851 1)
(12.766 2.81606 1)
(3.29226 8.41192 1)
(1.81107 4.79607 1)
(2.33689 3.86086 1)
(1.44355 5.74386 1)
(1.56018 6.04623 1)
(7.86125 6.31393 1)
(1.54539 0.462246 1)
(3.43469 4.38418 1)
(2.62248 7.48798 1)
(12.3024 3.17755 1)
(11.2321 8.45915 1)
(10.7692 8.78101 1)
(13.9211 3.1574 1)
(1.88223 7.23181 1)
(3.367 9.54346 1)
(3.16447 4.99696 1)
(7.1237 1.59075 1)
(2.55657 0.479053 1)
(3.94235 2.41821 1)
(4.4195 6.92205 1)
(13.3761 3.53512 1)
(3.04781 6.64568 1)
(4.04272 4.79381 1)
(10.3824 5.99485 1)
(4.01437 3.69085 1)
(10.3831 1.59933 1)
(3.39525 3.47259 1)
(2.22918 1.58987 1)
(5.63215 4.44967 1)
(4.10189 5.18971 1)
(4.13575 5.41272 1)
(1.94595 2.43276 1)
(1.58531 2.39478 1)
(1.33458 6.71643 1)
(3.10483 5.50321 1)
(2.35706 3.26349 1)
(2.43582 1.95254 1)
(5.41076 3.42984 1)
(12.6 9.03866 1)
(3.1068 4.49298 1)
(2.9449 4.11117 1)
(2.3833 7.34969 1)
(5.82553 5.45718 1)
(14.0629 1.79414 1)
(1.9589 3.7 1)
(1.11077 4.64265 1)
(10.2502 8.57451 1)
(14.0353 7.05452 1)
(9.72765 1.5346 1)
(6.8594 7.64685 1)
(8.90777 9.01964 1)
(3.85184 8.88868 1)
(1.19719 3.66436 1)
(3.07131 4.39531 1)
(3.1269 4.60314 1)
(14.0417 4.79298 1)
(5.43506 1.59475 1)
(1.9703 4.18658 1)
(1.96594 8.61639 1)
(2.58947 6.55844 1)
(10.4749 6.54973 1)
(2.04705 5.8988 1)
(0.671727 4.18039 1)
(2.18805 0.923781 1)
(2.64989 6.1307 1)
(4.65431 4.64448 1)
(3.1566 4.88907 1)
(10.5 9.58774 1)
(5.91335 4.21938 1)
(3.6207 5.86667 1)
(5.99424 0.877331 1)
(1.56913 2.96162 1)
(1.67441 4.15629 1)
(0.919914 2.64069 1)
(3.12022 5.40919 1)
(1.46245 7.70437 1)
(12.0263 0.945213 1)
(3.56804 3.33114 1)
(0.850288 7.5866 1)
(1.88911 4.50739 1)
(3.03369 2.17681 1)
(2.14504 6.49913 1)
(6.05498 8.16301 1)
(5.79465 8.46101 1)
(8.02516 1.38114 1)
(0.821685 3.60093 1)
(2.52444 6.16394 1)
(1.95852 7.49948 1)
(3.02921 3.37968 1)
(0.621085 5.31544 1)
(3.59996 3.94841 1)
(1.92955 5.59069 1)
(1.85452 2.10955 1)
(4.45707 1.03539 1)
(1.90261 5.51046 1)
(4.23211 4.87688 1)
(3.09339 5.77412 1)
(14.0546 5.34766 1)
(7.46747 1.27995 1)
(14.0789 2.2799 1)
(3.35846 6.39846 1)
(1.23649 9.17688 1)
(5.68666 3.21502 1)
(2.69316 3.86977 1)
(2.83085 3.82661 1)
(13.5019 7.79488 1)
(4.31747 9.55432 1)
(3.43469 4.22504 1)
(7.30932 7.84498 1)
(3.93728 6.91743 1)
(3.44367 4.87831 1)
(2.75895 6.06845 1)
(4.15378 2.17724 1)
(3.88133 7.37224 1)
(11.6951 8.59276 1)
(4.78023 6.25883 1)
(1.85654 5.30229 1)
(5.73582 1.24724 1)
(4.18227 3.52032 1)
(4.56421 6.45378 1)
(4.61351 6.73426 1)
(3.14116 5.68542 1)
(3.00508 3.92401 1)
(4.0648 0.837555 1)
(7.70724 3.50843 1)
(8.3053 8.15388 1)
(0.408128 3.11361 1)
(6.19359 2.89356 1)
(3.42781 4.51047 1)
(1.83543 4.90101 1)
(2.13142 3.86568 1)
(0.42627 9.57288 1)
(0.433297 0.4383 1)
(5.47309 9.15883 1)
(3.13716 4.71048 1)
(14.6036 9.60629 1)
(14.5588 0.438111 1)
(8.29688 6.50852 1)
(9.48892 1.90609 1)
(1.16438 5.49877 1)
(3.54472 9.171 1)
(1.8703 4.59314 1)
(2.85945 3.08969 1)
(2.86022 6.00596 1)
(6.27216 4.33461 1)
(7.07201 3.22932 1)
(1.40365 5.90736 1)
(2.87418 6.76377 1)
(0.819331 5.08287 1)
(2.34373 6.2637 1)
(8.38089 6.95402 1)
(4.64879 7.0307 1)
(0.767125 4.64666 1)
(5.03093 6.37504 1)
(2.4102 9.21913 1)
(3.35363 7.47682 1)
(3.13189 4.80215 1)
(3.61431 8.54569 1)
(2.01323 5.80038 1)
(0.320621 6.85982 1)
(2.95411 5.86521 1)
(3.58969 7.26599 1)
(7.7485 3.87632 1)
(3.14656 5.23947 1)
(5.42882 0.821571 1)
(3.60955 0.781518 1)
(3.05889 3.84764 1)
(3.57908 4.14574 1)
(6.32199 5.67074 1)
(13.6323 5.63242 1)
(13.1969 9.08821 1)
(11.1424 1.29795 1)
(0.984492 5.31189 1)
(3.59063 5.6937 1)
(2.7139 6.65056 1)
(6.43155 3.46857 1)
(7.64319 8.58283 1)
(9.4251 9.07469 1)
(3.32953 6.15585 1)
(3.43481 6.10208 1)
(3.735 3.2086 1)
(2.98279 0.56151 1)
(0.365994 3.48373 1)
(8.84601 7.14468 1)
(3.1196 4.33261 1)
(2.21866 3.81859 1)
(0.837597 8.06512 1)
(2.50851 3.86804 1)
(3.15219 5.08195 1)
(1.84619 5.21509 1)
(1.82942 0.815505 1)
(1.27334 2.43402 1)
(14.0736 1.33943 1)
(3.23919 5.66815 1)
(14.143 8.25066 1)
(2.36434 8.69554 1)
(12.9631 1.48153 1)
(8.1441 4.04239 1)
(2.96739 6.04483 1)
(4.76737 7.46821 1)
(10.7785 9.22669 1)
(0.88925 9.06099 1)
(2.10845 1.91479 1)
(3.0121 6.48648 1)
(2.97027 4.21067 1)
(4.2722 0.388094 1)
(7.3554 0.883467 1)
(1.96859 3.98681 1)
)


// ************************************************************************* //
